Stock,1,2,3,4,5,6,7,8,9
LYB,0.13966910350134668,0.02577914582531743,0.09696036937283571,0.0834936514043863,0.04732589457483648,0.08118507118122355,0.13428241631396692,0.24393997691419778,0.1473643709118892
AXP,0.11297149844793529,0.11391214373059919,0.11720440221992287,0.16705860220110996,0.14758724484996708,0.09011381807920234,0.10544633618662402,0.08700968864641144,0.05869626563822782
VZ,0.10893697083725305,0.2537158984007526,0.2041392285983067,0.1901222953904045,0.1995296331138288,0.007902163687676388,0.009219190968955786,0.01354656632173095,0.012888052681091252
AVGO,0.25300790649707805,0.3447920247507735,0.29047782743210726,0.022000687521485048,0.01959436232382262,0.02131316603643864,0.024750773461670678,0.0178755586112066,0.006187693365417669
BA,0.2509641614147305,0.13385382372307403,0.15304298748941775,0.11823911203085316,0.11212491769353777,0.0884206565704073,0.07374659016085035,0.038190198476154645,0.03141755244097451
CAT,0.22171009312388298,0.13263098485561095,0.05427523280970746,0.07854388110243628,0.10713949769541906,0.12877433919668893,0.13582917881666823,0.09453485090772269,0.04656194149186342
JPM,0.2908475213996802,0.054745555451039415,0.1736431191797573,0.16244944031605682,0.10544633618662402,0.06603329884300631,0.04317561847427335,0.052864264885711595,0.050794845263851
CVX,0.3769165647634277,0.08315304298748942,0.07741510676323958,0.12059072523751294,0.03734361772175713,0.03884865017401938,0.07525162261311259,0.09020788260746872,0.10027278713197253
KO,0.17627692597121625,0.3548114006208259,0.15812247201580285,0.16903395729470416,0.036873295080425174,0.037437682250023516,0.04279936036120779,0.009594581883171856,0.015050324522622519
ABBV,0.035837015218458515,0.0,0.037309769268532154,0.10358370152184586,0.19685812469317623,0.25920471281296026,0.10260186548846342,0.1134020618556701,0.15120274914089346
DIS,0.38566456589220205,0.20252092935753926,0.16113253692032733,0.05371084564010911,0.03931897281535133,0.026244003386323017,0.018060389427147022,0.031041294327908947,0.0823064622330919
FLT,0.48649706457925634,0.27475538160469665,0.12954990215264187,0.03209393346379648,0.021917808219178082,0.008610567514677104,0.015655577299412915,0.024657534246575342,0.0062622309197651665
EXR,0.17460018814675446,0.029727187206020696,0.02746942615239887,0.03508936970837253,0.03537158984007526,0.022389463781749764,0.04129821260583255,0.0458137347130762,0.5882408278457196
XOM,0.22283886746307968,0.036308907910826825,0.16066221427899538,0.13780453391026243,0.053804910168375505,0.09124259241839902,0.09387639920985796,0.14984479352836044,0.053616781111842725
PSX,0.044189852700491,0.6714774587115012,0.01190299062639488,0.012944502306204433,0.025889004612408867,0.03243564945692605,0.08183306055646482,0.0755839904776075,0.04374349055200119
GE,0.24522622519048068,0.28369861725143447,0.21202144671244474,0.07374659016085035,0.05314645847051077,0.04025961809801524,0.04035368262628163,0.02511522904712633,0.026432132442855798
HPQ,0.4773283160865475,0.23913452492944498,0.05475070555032926,0.009689557855126998,0.011006585136406398,0.026152398871119472,0.0380997177798683,0.057008466603951084,0.08682972718720602
HD,0.23314754443159114,0.18708591860342833,0.19749710800294457,0.12640656220422758,0.052371437585445366,0.03607109054579872,0.05247660111473341,0.04648227994531497,0.06846145756651593
IBM,0.48828896623083434,0.19132725049383878,0.1128774339196689,0.018718841125011758,0.02022387357727401,0.0101589690527702,0.028689681121249175,0.07327626751951839,0.05643871695983445
CXO,0.4759685406350131,0.08767841538013399,0.0471890474803379,0.045441304981066126,0.053306146227789106,0.033498397902709004,0.03786775415088844,0.10253422662394407,0.11651616661811827
JNJ,0.28407487536450005,0.1454237606998401,0.05559213620543693,0.09274762487066128,0.14881008371743015,0.18596557238265451,0.022669551312200168,0.025867745273257456,0.03884865017401938
MCD,0.29103565045621294,0.21616028595616593,0.11005549807167717,0.04891355469852319,0.0986736901514439,0.05371084564010911,0.0518295550747813,0.050794845263851,0.07882607468723545
MRK,0.14786943843476624,0.20035744520741228,0.1514438905088891,0.12858621014015614,0.14721098673690153,0.09810930298184554,0.05305239394224438,0.058978459223027,0.014391872824757785
MMM,0.2857680368732951,0.16329602107045432,0.0396011664001505,0.08597497883548114,0.053428652055309944,0.08578684977894836,0.10563446524315681,0.10300065845169787,0.07750917129150597
AWK,0.1975346687211094,0.20801232665639446,0.12110939907550076,0.1238828967642527,0.0970724191063174,0.021879815100154083,0.09614791987673343,0.10477657935285054,0.029583975346687212
BAC,0.3424918908605228,0.17782865865292882,0.17716084716657127,0.11133371493989697,0.07078801755390193,0.04665140240412135,0.024136615149780577,0.02003434459072696,0.029574508681549323
BKR,0.13160609881921356,0.2629829187206236,0.2272154075432764,0.15602430356528718,0.07657915854637166,0.07061790668348046,0.04356299438266652,0.028315946348733235,0.0030952653903473576
PFE,0.23130467500705484,0.2896246825322171,0.2570783557520459,0.09491110902078827,0.04834916752892484,0.031041294327908947,0.01636722791835199,0.015520647163954474,0.015802840748753644
PG,0.16244944031605682,0.11127833693914026,0.13695795315586493,0.1352647916470699,0.12764556485749223,0.13592324334493464,0.06528078261687517,0.09133665694666541,0.03386323017590067
T,0.12558795860771402,0.28052681091251175,0.277892756349953,0.15409219190968956,0.07469426152398871,0.02154280338664158,0.010630291627469425,0.0187206020696143,0.036312323612417687
NBL,0.3604060913705584,0.13705583756345177,0.01015228426395939,0.015228426395939087,0.025380710659898477,0.06598984771573604,0.04568527918781726,0.12690355329949238,0.2131979695431472
TRV,0.3169033957294704,0.09886181920797667,0.158404665600602,0.17853447464960964,0.09481704449252187,0.03386323017590067,0.03800206941962186,0.04872542564199041,0.03188787508230646
RTX,0.17533628068855234,0.20045150973567868,0.22227448029348132,0.16094440786379458,0.05822594299689587,0.09208917317279654,0.05643871695983445,0.026149938858056627,0.008089549430909605
ADI,0.18493459630130807,0.0,0.060442038791159225,0.17771763644564728,0.21515561569688768,0.09336941813261164,0.05953991880920163,0.11456923770861524,0.09427153811456923
WMT,0.2906593923431474,0.05502774903583858,0.07205342865205532,0.14824569654783182,0.21681873765403067,0.05700310412943279,0.10234220675383313,0.030759100743109773,0.027090584140720533
CSCO,0.32961942914371556,0.328492739108663,0.09313970956434652,0.08725588382573861,0.05520781171757636,0.039559339008512766,0.026664997496244368,0.024787180771156735,0.015272909364046069
INTC,0.21127188100779115,0.29363553576849133,0.16948295052109683,0.08732166346251138,0.08276839016492968,0.04401497520995649,0.04512799757158757,0.03683092178488313,0.029545684508752404
GM,0.013986013986013986,0.25602175602175603,0.662004662004662,0.06798756798756798,0.0,0.0,0.0,0.0,0.0
MSFT,0.15731084978921678,0.3929443088528955,0.19059241180386066,0.09740403816285778,0.058686487685822054,0.0342800088750832,0.025737741291324605,0.020745506989128023,0.022298646549811403
DG,0.1952078928823115,0.11169837914023961,0.08280479210711769,0.09337561663143058,0.14446793516560957,0.09267089499647639,0.15926708949964763,0.044749823819591264,0.07575757575757576
CI,0.24274748280330974,0.13707506729139668,0.13548001196291495,0.1404645598644203,0.13258897418004187,0.10347921443525072,0.06968397966304456,0.02721563154221912,0.011265078257402054
KMI,0.33306804615996816,0.25825706327099085,0.34540389972144847,0.06287306008754477,0.0,0.0,0.0,0.0,0.0003979307600477517
C,0.11096045197740113,0.18497175141242939,0.143954802259887,0.2726553672316384,0.143954802259887,0.07514124293785311,0.04768361581920904,0.00711864406779661,0.013559322033898305
AIG,0.32733084709643046,0.13521576984549813,0.10261054874800213,0.0717101758124667,0.1345764517847629,0.07043153969099628,0.03271177410761854,0.056366542354821525,0.06904635055940331
HON,0.3049776395100136,0.07972000777756173,0.17256465098191717,0.0904141551623566,0.09362239937779507,0.029554734590705813,0.05930390822477154,0.0975111802449932,0.07233132412988529
MO,0.2519988712256608,0.11090207882607468,0.12303640297243909,0.12745743580095945,0.13169033957294704,0.10412943279089455,0.062270717712350675,0.042046844135076665,0.04646787696359703
HCA,0.260224538893344,0.10505212510024058,0.13552526062550121,0.05813953488372093,0.03648757016840417,0.06896551724137931,0.18043303929430635,0.10665597433841219,0.04851643945469126
UAA,0.2677231025854879,0.20517097581317764,0.18265221017514596,0.1387267167083681,0.04559355018070614,0.046983597442313035,0.027244926327495134,0.0408673894912427,0.045037531276063386
IP,0.1574640203179381,0.1780641520082777,0.32781488100837175,0.20778854294045715,0.08503433355281723,0.0034803875458564574,0.003292258489323676,0.01777819584234785,0.019283228294610103
HPE,0.8111455108359134,0.0,0.0,0.0,0.0,0.0,0.03560371517027864,0.04024767801857585,0.1130030959752322
ABT,0.23179680150517404,0.30432737535277515,0.10724365004703669,0.08071495766698024,0.05540921919096896,0.08043273753527752,0.056820319849482596,0.05587958607714017,0.02737535277516463
AFL,0.3015992474129821,0.2967074317968015,0.15428033866415805,0.06331138287864535,0.04355597365945438,0.019849482596425213,0.017121354656632174,0.033113828786453435,0.07046095954844779
APD,0.2596425211665099,0.14402634054562558,0.12248353715898401,0.13320790216368766,0.10630291627469426,0.05390404515522107,0.06914393226716839,0.06735653809971778,0.04393226716839135
RCL,0.3277428371767994,0.18630328441649197,0.1586303284416492,0.16352201257861634,0.03689727463312369,0.024737945492662474,0.039552760307477286,0.03172606568832984,0.030887491264849756
AEP,0.12041392285983067,0.19915333960489182,0.30997177798682973,0.2032925682031985,0.053245531514581376,0.047036688617121354,0.03367826904985889,0.02022577610536218,0.012982126058325494
HES,0.37008466603951085,0.09661335841956727,0.020978363123236123,0.07855126999059266,0.12634054562558797,0.09661335841956727,0.06152398871119473,0.06820319849482596,0.08109125117591721
ADM,0.341862652869238,0.20442144873000942,0.15503292568203197,0.18984007525870178,0.028692380056444027,0.00658513640639699,0.01495766698024459,0.02605832549388523,0.03254938852304798
ADP,0.3071245186136072,0.00834403080872914,0.1668806161745828,0.14922978177150192,0.057766367137355584,0.084403080872914,0.051347881899871634,0.14184852374839538,0.03305519897304236
VRSK,0.23734729493891799,0.08376963350785341,0.12356020942408377,0.07853403141361257,0.05794066317626527,0.15462478184991274,0.124956369982548,0.11169284467713787,0.02757417102966841
AZO,0.22804054054054054,0.2581860706860707,0.11993243243243243,0.033783783783783786,0.04703742203742204,0.06301975051975052,0.112006237006237,0.08238045738045738,0.055613305613305616
AVY,0.26923800564440264,0.11439322671683913,0.10037629350893697,0.10997177798682972,0.1684854186265287,0.1277516462841016,0.03932267168391345,0.03254938852304798,0.03791157102539981
MSCI,0.18487645132479905,0.18070854420958618,0.35129502828222686,0.1003274784161953,0.02232807383149747,0.058350699612980055,0.04435844001190831,0.03572491813039595,0.022030366180410838
BLL,0.3804327375352775,0.24957666980244592,0.11608654750705551,0.06528692380056444,0.043461900282220134,0.04045155221072436,0.03019755409219191,0.023518344308560677,0.05098777046095955
CARR,0.3669064748201439,0.5107913669064749,0.1223021582733813,0.0,0.0,0.0,0.0,0.0,0.0
BK,0.11777986829727187,0.20348071495766698,0.2739416745061148,0.19238005644402634,0.13687676387582315,0.01843838193791157,0.040733772342427095,0.015145813734713076,0.0012229539040451553
OTIS,0.0,0.0,0.0,0.2517985611510791,0.4316546762589928,0.31654676258992803,0.0,0.0,0.0
BAX,0.18269049858889935,0.17318908748824083,0.22238946378174976,0.10159924741298212,0.09764816556914394,0.08297271872060206,0.05409219190968956,0.0632173095014111,0.02220131702728128
BDX,0.15014111006585137,0.26792097836312323,0.1269049858889934,0.03339604891815616,0.04270931326434619,0.09087488240827846,0.13518344308560679,0.0896519285042333,0.0632173095014111
BRK/B,0.23727215587680703,0.13073538654934003,0.06426775612822125,0.1671904462602137,0.12350722815839095,0.07071024512884978,0.10575109993714644,0.08249528598365807,0.01807039597737272
BBY,0.1488108981759409,0.23955206649734473,0.29311937196952204,0.12768413761256062,0.06164858000461787,0.043985222812283536,0.051027476333410295,0.023551142923112445,0.010621103671207574
BSX,0.38602891501148495,0.14903391433590055,0.15281718686663964,0.08012430752601,0.05634373733279287,0.046615322253749494,0.053506282934738546,0.03742737467909742,0.03810295905958654
BMY,0.21571025399811852,0.2781749764816557,0.09943555973659454,0.08720602069614299,0.1589840075258702,0.10131702728127939,0.026246472248353716,0.007243650047036689,0.02568203198494826
FBHS,0.05258693808312129,0.089058524173028,0.09669211195928754,0.2968617472434266,0.25233248515691264,0.17684478371501272,0.01993214588634436,0.015691263782866838,0.0
BF/B,0.25283609336288954,0.1513887077845873,0.1811187899334985,0.09271091406963099,0.09805711305254923,0.11253096883557179,0.06337201721215283,0.028165340983179032,0.0198200547659408
COG,0.4909932449337003,0.24180635476607457,0.09394545909432074,0.014761070803102327,0.029271953965474107,0.02752064048036027,0.023267450587940955,0.03340005003752815,0.045033775331498625
CPB,0.17497648165569143,0.21335841956726245,0.2671683913452493,0.17441204139228597,0.07403574788334902,0.04929444967074318,0.03857008466603951,0.006208842897460019,0.001975540921919097
KSU,0.3714016933207902,0.24308560677328317,0.11119473189087488,0.04299153339604892,0.025870178739416744,0.02568203198494826,0.04148635936030103,0.06133584195672625,0.07695202257761054
HLT,0.04284103720405862,0.0,0.015783540022547914,0.24239007891770012,0.213641488162345,0.11273957158962795,0.1600901916572717,0.1262683201803833,0.08624577226606539
CCL,0.1682972718720602,0.34082784571966135,0.17262464722483536,0.16585136406396989,0.07911571025399812,0.04120413922859831,0.014111006585136407,0.012041392285983067,0.00592662276575729
QRVO,0.12016021361815754,0.0,0.014686248331108143,0.06875834445927904,0.17289719626168223,0.22897196261682243,0.27369826435246997,0.1048064085447263,0.01602136181575434
LUMN,0.32229539040451555,0.1681091251175917,0.29285042333019756,0.09266227657572906,0.004609595484477893,0.003668861712135466,0.023142050799623705,0.043650047036688615,0.04901222953904045
UDR,0.421583459404942,0.25932929904185575,0.152672718103883,0.04589006555723651,0.0025214321734745334,0.01714573877962683,0.014120020171457387,0.03177004538577912,0.054967221381744834
CLX,0.32793979303857007,0.04393226716839135,0.1116650987770461,0.10649106302916275,0.11571025399811853,0.1400752587017874,0.05945437441204139,0.050047036688617125,0.044684854186265284
PAYC,0.27283511269276395,0.23013048635824437,0.20106761565836298,0.10794780545670225,0.054567022538552785,0.03914590747330961,0.04863582443653618,0.03202846975088968,0.013641755634638196
CMS,0.35870178739416747,0.2614299153339605,0.12869238005644404,0.11448730009407337,0.03151458137347131,0.041110065851364064,0.02041392285983067,0.024553151458137346,0.01909689557855127
NWL,0.881104033970276,0.11889596602972399,0.0,0.0,0.0,0.0,0.0,0.0,0.0
CL,0.1584987301288684,0.2724108738594676,0.13771046938199605,0.07224155770858809,0.04580942526573229,0.13131408145988147,0.1158874988241934,0.0315116169692409,0.03461574640203179
CMA,0.15412863288217396,0.10932745776938411,0.12978701080684082,0.16042387997062219,0.1917951946280558,0.11310460602245305,0.05602769908718917,0.039660056657223795,0.04574546217605708
IPGP,0.4063888888888889,0.1288888888888889,0.023333333333333334,0.03027777777777778,0.07972222222222222,0.12027777777777778,0.06527777777777778,0.07472222222222222,0.07111111111111111
CAG,0.4755409219190969,0.24440263405456256,0.11759172154280338,0.04487300094073377,0.05174035747883349,0.01796801505174036,0.010818438381937912,0.012229539040451553,0.024835371589840075
ED,0.07460018814675447,0.2251175917215428,0.15540921919096895,0.222483537158984,0.10253998118532455,0.0656632173095014,0.07714016933207903,0.05569143932267168,0.021354656632173095
SLG,0.2592408420354716,0.17586606994861595,0.10260235372120007,0.06364992541024365,0.05271009448035803,0.06348417039615448,0.06530747555113542,0.10608320901707277,0.11105585943974805
GLW,0.3531514581373471,0.28626528692380054,0.0876763875823142,0.05644402634054563,0.04477892756349953,0.029256820319849483,0.024176857949200378,0.05766698024459078,0.060583254938852305
CMI,0.42351834430856067,0.04807149576669802,0.04280338664158043,0.0786453433678269,0.05164628410159925,0.07732831608654751,0.061900282220131705,0.09849482596425212,0.11759172154280338
DHR,0.3144560357675112,0.19895678092399405,0.10421545667447307,0.06344475196934213,0.06174153715137322,0.06717053438364914,0.06738343623589525,0.06504151586118799,0.057589951032573986
TGT,0.09811853245531514,0.10950141110065852,0.18184383819379116,0.10978363123236125,0.22276575729068673,0.14506114769520226,0.0656632173095014,0.04402634054562559,0.02323612417685795
DE,0.2389463781749765,0.13584195672624647,0.0876763875823142,0.09247412982126059,0.09115710253998119,0.07347130761994355,0.09811853245531514,0.13320790216368766,0.04910630291627469
D,0.2991066844645241,0.14919396241913954,0.16285039531779444,0.0953896703973714,0.04856761474484033,0.052777492555703874,0.14447068487524387,0.031112023821747613,0.01653147140363487
DOV,0.1405456255879586,0.3044214487300094,0.16575729068673564,0.06669802445907808,0.10018814675446848,0.09981185324553152,0.050235183443085606,0.030103480714957668,0.04223894637817498
LNT,0.0,0.0,0.002188183807439825,0.4726477024070022,0.5229759299781181,0.002188183807439825,0.0,0.0,0.0
DUK,0.11984948259642521,0.11561618062088429,0.13922859830667922,0.1415804327375353,0.13527751646284103,0.08993414863593603,0.11825023518344309,0.09059266227657573,0.04967074317968015
REG,0.0,0.0,0.07942973523421588,0.20366598778004075,0.06517311608961303,0.6517311608961304,0.0,0.0,0.0
ETN,0.2420507996237065,0.14346190028222014,0.14487300094073377,0.09303857008466604,0.10310442144873001,0.11655691439322671,0.0883349012229539,0.04675446848541863,0.021825023518344307
ECL,0.30385487528344673,0.1492063492063492,0.19863945578231293,0.15317460317460319,0.08594104308390023,0.03741496598639456,0.0326530612244898,0.01655328798185941,0.02256235827664399
PKI,0.23358419567262464,0.17685794920037629,0.06425211665098778,0.08560677328316087,0.06698024459078081,0.024176857949200378,0.10602069614299153,0.12587017873941675,0.11665098777046096
EMR,0.1330197554092192,0.14854186265286923,0.19068673565380997,0.11890874882408278,0.17309501411100658,0.10545625587958608,0.07121354656632173,0.03490122295390405,0.024176857949200378
EOG,0.14162028447742733,0.08855905998763142,0.1440940012368584,0.1533704390847248,0.17476808905380334,0.07779839208410637,0.04242424242424243,0.08051948051948052,0.09684601113172542
AON,0.3300470021781497,0.15040697007910123,0.18904046772899233,0.14662386793534335,0.03141121173908059,0.02327181015705606,0.03026481715006305,0.057892926745385764,0.04104092628682793
ETR,0.09410901979956,0.2576387191395747,0.12148618919579565,0.04839892446834515,0.04033243705695429,0.1366414079687118,0.19714006355414324,0.06966511855292104,0.03458812026399413
EFX,0.29313264346190027,0.19266227657572907,0.1973659454374412,0.1297271872060207,0.06133584195672625,0.04844778927563499,0.040075258701787395,0.015333960489181562,0.02191909689557855
IQV,0.359253499222395,0.0,0.0,0.11560393986521514,0.1181959564541213,0.144116122343183,0.1456713322965267,0.04302747537584241,0.07413167444271643
IT,0.47226569292296994,0.13580246913580246,0.056859676577986434,0.04990436445835507,0.029386193705442532,0.03321161537123978,0.05216484089723526,0.09702660406885759,0.07337854286211094
FDX,0.4427093132643462,0.07450611476952022,0.05174035747883349,0.052963311382878644,0.0651928504233302,0.04506114769520226,0.05333960489181561,0.10583254938852305,0.10865475070555033
FMC,0.10752587017873942,0.09106302916274694,0.15540921919096895,0.12803386641580433,0.170931326434619,0.10752587017873942,0.11928504233301976,0.08777046095954845,0.032455315145813735
F,0.5511240711127834,0.10535227165835763,0.024644906405794375,0.07957859091336657,0.04684413507666259,0.029724390932179476,0.0334869720628351,0.07280594487818644,0.05643871695983445
NEE,0.38381937911571024,0.17939793038570084,0.09078080903104421,0.05277516462841016,0.08626528692380056,0.07873941674506114,0.0380997177798683,0.03160865475070555,0.058513640639698966
BEN,0.3079451433752692,0.11617363708489176,0.22883373002380142,0.16320979258755525,0.08239827722996713,0.03422872038989006,0.02754165249914995,0.02017454380596169,0.019494503003513543
FCX,0.3691886964448496,0.11060467942874506,0.16560316013369797,0.09237313886356731,0.07900334244910362,0.04603463992707384,0.047705864478881796,0.05591005773321179,0.03357642054086904
GPS,0.34270931326434617,0.2650047036688617,0.10272812793979304,0.1149576669802446,0.042427093132643465,0.04487300094073377,0.02991533396048918,0.029444967074317967,0.027939793038570086
DXCM,0.36886465047099654,0.07387208725830441,0.06841844323252355,0.07188894397620228,0.05428854734754586,0.08824987605354487,0.11403073872087258,0.09048091224590976,0.06990580069410014
GD,0.2629350893697084,0.09548447789275635,0.10216368767638759,0.10987770460959548,0.08363123236124177,0.13471307619943557,0.08730009407337723,0.07253057384760113,0.05136406396989652
GIS,0.2812793979303857,0.2922859830667921,0.11834430856067733,0.08410159924741298,0.14289746001881468,0.04299153339604892,0.020884289746001882,0.008560677328316087,0.00865475070555033
GPC,0.18974600188146754,0.1717779868297272,0.17779868297271872,0.12050799623706492,0.04863593603010348,0.057855126999059266,0.03123236124176858,0.09369708372530573,0.10874882408278458
ATO,0.268240086258536,0.4278183778603091,0.10782317000119804,0.038936144722654845,0.042170839822690785,0.01030310291122559,0.03474302144483048,0.038217323589313526,0.031747933389241645
GWW,0.20009407337723426,0.23734713076199435,0.13631232361241769,0.15343367826904986,0.07074317968015052,0.05860771401693321,0.07751646284101599,0.0425211665098777,0.023424270931326433
HAL,0.25672624647224834,0.13085606773283162,0.13951081843838195,0.10620884289746002,0.06105362182502352,0.08043273753527752,0.08617121354656632,0.07958607714016933,0.05945437441204139
LHX,0.3013170272812794,0.05503292568203198,0.0574788334901223,0.13922859830667922,0.14261523988711194,0.09285042333019755,0.106585136406397,0.06095954844778927,0.04393226716839135
PEAK,0.33727233304423243,0.21769297484822203,0.2170424978317433,0.05019514310494363,0.04564180398959237,0.07686470078057242,0.026669557675628796,0.012142237640936688,0.01647875108412836
CTLT,0.001243008079552517,0.39651957737725296,0.18955873213175886,0.23430702299564948,0.09695463020509633,0.01740211311373524,0.02983219390926041,0.031696706028589185,0.002486016159105034
FTV,0.0,0.0,0.0,0.04367201426024955,0.1800356506238859,0.22103386809269163,0.4295900178253119,0.12566844919786097,0.0
HSY,0.277140169332079,0.12916274694261523,0.18316086547507054,0.061429915333960486,0.09275634995296331,0.07638758231420507,0.03123236124176858,0.049388523047977424,0.0993414863593603
SYF,0.031696706028589185,0.3673088875077688,0.5997513983840895,0.001243008079552517,0.0,0.0,0.0,0.0,0.0
HRL,0.12932218199975035,0.22406690800149795,0.2088378479590563,0.13681188365996755,0.07127699413306703,0.05255273998252403,0.05866932967170141,0.05217825489951317,0.06628385969292223
AJG,0.08276908708848937,0.2590473966845669,0.1351856175577866,0.14697641839831893,0.09047396684566893,0.0605883726360028,0.07903338781228111,0.09374270371235116,0.0521830492645342
MDLZ,0.0,0.10435992578849722,0.2722634508348794,0.4559369202226345,0.16743970315398887,0.0,0.0,0.0,0.0
CNP,0.5615239887111947,0.24393226716839134,0.027187206020696145,0.0011288805268109125,0.0017873941674506114,0.0070555032925682035,0.07761053621825023,0.05691439322671684,0.02285983066792098
HUM,0.2663217309501411,0.17196613358419569,0.10310442144873001,0.07412982126058326,0.09040451552210724,0.10225776105362183,0.09322671683913453,0.049576669802445905,0.04901222953904045
WLTW,0.901294498381877,0.09870550161812297,0.0,0.0,0.0,0.0,0.0,0.0,0.0
ITW,0.2477892756349953,0.10216368767638759,0.13734713076199437,0.1763875823142051,0.09858889934148636,0.03866415804327376,0.05315145813734713,0.08062088428974601,0.06528692380056444
CDW,0.20010559662090813,0.1293558606124604,0.1921858500527983,0.13833157338965152,0.07444561774023231,0.08236536430834214,0.059134107708553325,0.08711721224920803,0.03695881731784583
TT,0.26039510818438383,0.27836312323612417,0.09633113828786453,0.0936030103480715,0.06340545625587958,0.0671683913452493,0.06904985888993415,0.03555973659454374,0.0361241768579492
IPG,0.39106302916274693,0.19905926622765757,0.10724365004703669,0.0541862652869238,0.04844778927563499,0.015333960489181562,0.0431796801505174,0.0671683913452493,0.07431796801505174
IFF,0.2662276575729069,0.09087488240827846,0.22079021636876764,0.16406396989651928,0.0702728127939793,0.060583254938852305,0.03433678269049859,0.04656632173095014,0.04628410159924741
J,0.09834432964023404,0.09336486991161459,0.10344827586206896,0.17739325283206772,0.17440557699489606,0.15037968380430725,0.09249346445910618,0.06348811153989792,0.046682434955807296
HBI,0.25400271370420624,0.24206241519674354,0.07272727272727272,0.019267299864314788,0.06919945725915876,0.18263229308005427,0.09470827679782903,0.04531886024423338,0.020081411126187245
K,0.11984948259642521,0.17789275634995297,0.23189087488240828,0.14063969896519285,0.14045155221072436,0.12455315145813735,0.05032925682031985,0.012041392285983067,0.0023518344308560675
BR,0.30915273448569,0.33607254179654295,0.05894020969113063,0.05043921790875602,0.08982714650042505,0.07424199489940493,0.029470104845565316,0.01615188438651176,0.03570416548597336
PRGO,0.392875851231011,0.0026191723415400735,0.0041906757464641176,0.10162388685175484,0.13986380303823992,0.03771608171817706,0.13305395495023573,0.11995809324253535,0.0680984808800419
KMB,0.277892756349953,0.12869238005644404,0.0768579492003763,0.11815616180620885,0.18231420507996238,0.14731890874882408,0.02191909689557855,0.017591721542803387,0.029256820319849483
KIM,0.46174282678002126,0.23618490967056324,0.07372476089266737,0.04357066950053135,0.026434643995749203,0.013018065887353878,0.03480340063761955,0.07505313496280552,0.03546758767268863
ORCL,0.0,0.0,0.27683315621679067,0.4543039319872476,0.26567481402763016,0.003188097768331562,0.0,0.0,0.0
KR,0.40526810912511757,0.2594543744120414,0.13142050799623706,0.0528692380056444,0.015428033866415804,0.015145813734713076,0.03367826904985889,0.040075258701787395,0.046660395108184385
LEG,0.23471307619943557,0.32803386641580434,0.14835371589840074,0.1499529633113829,0.052304797742238944,0.016086547507055505,0.016650987770460958,0.023330197554092193,0.03057384760112888
LEN,0.30216368767638757,0.08974600188146754,0.12474129821260584,0.1671683913452493,0.10310442144873001,0.05794920037629351,0.06603951081843838,0.047695202257761055,0.041392285983066796
LLY,0.24459078080903104,0.030950141110065853,0.20282220131702727,0.07234242709313264,0.15324553151458137,0.09087488240827846,0.09877704609595485,0.07845719661335843,0.027939793038570086
LB,0.3312987792675605,0.1953171903141885,0.06103662197318391,0.08224934960976586,0.053832299379627774,0.05003001801080648,0.05693416049629778,0.09365619371622974,0.0756453872323394
CHTR,0.23349866463181992,0.1850438763830599,0.24227394124380008,0.07783288821060663,0.09271270507439909,0.0793590232735597,0.0331934376192293,0.04769172071728348,0.008393742846241892
LNC,0.2407337723424271,0.16124176857949202,0.0986829727187206,0.18400752587017874,0.16208842897460018,0.08391345249294449,0.04186265286923801,0.01495766698024459,0.012511759172154281
L,0.26923800564440264,0.07554092191909689,0.13753527751646283,0.20282220131702727,0.08889934148635936,0.025117591721542803,0.06340545625587958,0.0632173095014111,0.07422389463781749
LOW,0.2085606773283161,0.2538099717779868,0.09990592662276576,0.09981185324553152,0.03621825023518344,0.07121354656632173,0.09717779868297272,0.07469426152398871,0.05860771401693321
HST,0.5343059038067016,0.10200592660132209,0.0031912468657396852,0.011511283337132437,0.03555960793252792,0.039662639617050376,0.16480510599498518,0.05960793252792341,0.04935035331661728
XRX,0.20733772342427093,0.42022577610536216,0.21712135465663218,0.07365945437441204,0.033113828786453435,0.022013170272812795,0.016650987770460958,0.004139228598306679,0.005738476011288805
IEX,0.39104368041110976,0.14547901627309434,0.19515477792732167,0.05432521717851462,0.032668542762755416,0.02496023491985807,0.09164321546555733,0.03584974917410987,0.028875565887678943
MMC,0.2561618062088429,0.2233301975540922,0.15870178739416746,0.1090310442144873,0.10188146754468486,0.03527751646284102,0.02013170272812794,0.052963311382878644,0.0425211665098777
MAS,0.42361241768579494,0.2477892756349953,0.1231420507996237,0.049388523047977424,0.02361241768579492,0.039698965192850426,0.03998118532455315,0.0187206020696143,0.03405456255879586
SPGI,0.16246472248353716,0.1671683913452493,0.15587958607714017,0.09689557855126998,0.10423330197554093,0.08466603951081844,0.10047036688617121,0.08090310442144873,0.047318908748824086
MDT,0.15954844778927563,0.05898400752587018,0.12539981185324553,0.22812793979303858,0.18824082784571966,0.07036688617121355,0.07271872060206962,0.06218250235183443,0.03443085606773283
CVS,0.2317027281279398,0.17365945437441205,0.14035747883349012,0.07742238946378174,0.04929444967074318,0.08297271872060206,0.10931326434619003,0.06876763875823141,0.0665098777046096
DD,0.11185324553151459,0.16086547507055504,0.14327375352775165,0.18033866415804328,0.12154280338664158,0.10178739416745061,0.08146754468485419,0.03885230479774224,0.06001881467544685
MU,0.22994652406417113,0.1411764705882353,0.13368983957219252,0.15472370766488414,0.12299465240641712,0.062388591800356503,0.06524064171122995,0.04777183600713013,0.042067736185383245
MSI,0.30470366886171213,0.06923800564440263,0.0651928504233302,0.06302916274694262,0.10159924741298212,0.18419567262464723,0.09764816556914394,0.06472248353715898,0.04967074317968015
CBOE,0.2110945644080417,0.23603871928518244,0.04802680565897245,0.06626954579300075,0.11169024571854058,0.16120625465376023,0.033134772896500374,0.043559195830230824,0.08897989575577066
MYL,0.26247147049233777,0.250733615911314,0.20084773394196284,0.16954678839256604,0.08542549722856212,0.011085751548744702,0.018258884903814804,0.0,0.0016302575806977503
LH,0.28905307599517494,0.06197225572979494,0.11158021712907117,0.10389022919179734,0.05971049457177322,0.09303377563329313,0.12077804583835947,0.0856453558504222,0.07433655006031363
NEM,0.17121354656632173,0.24882408278457196,0.2530573847601129,0.2116650987770461,0.0825964252116651,0.029444967074317967,0.002916274694261524,0.0002822201317027281,0.0
NKE,0.2889315419065899,0.15547024952015356,0.058349328214971206,0.0527191298784389,0.16058861164427382,0.11170825335892515,0.07191298784388996,0.05489443378119002,0.045425463851567496
NI,0.14487300094073377,0.3315145813734713,0.05268109125117592,0.04336782690498589,0.06048918156161806,0.08269049858889935,0.11063029162746943,0.09840075258701787,0.0753527751646284
NSC,0.30011018731844136,0.21746969848742864,0.08634678954222177,0.04197135129720525,0.07813282580386657,0.0932585395171792,0.08294099969948913,0.03806471000701192,0.061704898327156164
PFG,0.0,0.026134800550206328,0.0687757909215956,0.2310866574965612,0.5447042640990372,0.08665749656121045,0.04264099037138927,0.0,0.0
ES,0.3235183443085607,0.35164628410159926,0.06735653809971778,0.05691439322671684,0.06011288805268109,0.032737535277516466,0.018250235183443087,0.05211665098777046,0.037347130761994356
NOC,0.27808090310442146,0.16161806208842897,0.14223894637817497,0.10752587017873942,0.10141110065851364,0.10122295390404515,0.06810912511759172,0.022765757290686736,0.01702728127939793
WFC,0.2538099717779868,0.2793979303857008,0.1425211665098777,0.0922859830667921,0.11702728127939793,0.04619002822201317,0.015804327375352777,0.022295390404515524,0.030667920978363124
NUE,0.3823142050799624,0.1032925682031985,0.09313264346190028,0.17676387582314204,0.11693320790216369,0.06481655691439323,0.016556914393226718,0.013076199435559736,0.033113828786453435
PVH,0.4447789275634995,0.08080903104421448,0.09247412982126059,0.06792097836312323,0.0729068673565381,0.05841956726246472,0.05315145813734713,0.06039510818438382,0.06914393226716839
OXY,0.4687676387582314,0.028410159924741298,0.023330197554092193,0.04948259642521167,0.031138287864534337,0.06434619002822202,0.10282220131702728,0.10216368767638759,0.1295390404515522
OMC,0.06397828615742536,0.06811425617164275,0.1730644952824092,0.28421868941450174,0.11529016414630994,0.08013441902546206,0.146568437378829,0.0630735427168153,0.005557709706604627
OKE,0.1425132402503611,0.13827636013480982,0.28589311506981224,0.10024073182474723,0.09898892633606163,0.08184882041405873,0.06576793452094366,0.04602792489167068,0.04044294655753491
RJF,0.24808184143222506,0.16490603802957857,0.15300789502946735,0.07861670187923941,0.09985544312242856,0.03880796174802624,0.05926831980429223,0.08984765929055932,0.06760813966418325
PH,0.28560677328316086,0.11222953904045155,0.13264346190028223,0.0799623706491063,0.06867356538099718,0.08033866415804328,0.07412982126058326,0.1103480714957667,0.05606773283160865
ROL,0.38758231420507994,0.13245531514581374,0.16406396989651928,0.11815616180620885,0.06067732831608655,0.03292568203198495,0.013264346190028222,0.030103480714957668,0.06077140169332079
PPL,0.26218250235183443,0.23273753527751645,0.1865475070555033,0.08852304797742239,0.050893697083725306,0.013358419567262464,0.018344308560677328,0.06575729068673565,0.08165569143932268
COP,0.23301975540921918,0.08889934148635936,0.08739416745061147,0.1885230479774224,0.16575729068673564,0.12502351834430855,0.03979303857008466,0.02991533396048918,0.04167450611476952
PHM,0.33786008230452674,0.2300411522633745,0.16944444444444445,0.07901234567901234,0.044444444444444446,0.020781893004115225,0.0294238683127572,0.044753086419753084,0.044238683127572016
PNW,0.13792708094473743,0.156042192157762,0.21004356798899335,0.2374455400137583,0.08060077963769778,0.03508369639990828,0.05847282733318046,0.05102040816326531,0.03336390736069709
PNC,0.14016933207902163,0.1563499529633114,0.07770460959548448,0.09746001881467545,0.17262464722483536,0.12897460018814674,0.06792097836312323,0.05174035747883349,0.1070555032925682
PPG,0.3301975540921919,0.26792097836312323,0.19520225776105363,0.0645343367826905,0.025587958607714015,0.013452492944496708,0.01947318908748824,0.026246472248353716,0.05738476011288805
PGR,0.31321145222490515,0.28032654938484536,0.11946648269518224,0.03001034839599862,0.03828906519489479,0.048292514660227666,0.0737035759457284,0.06278026905829596,0.03391974243992181
PEG,0.38494825964252116,0.119379115710254,0.18626528692380057,0.10997177798682972,0.07055503292568203,0.05456255879586077,0.04101599247412982,0.023800564440263405,0.009501411100658514
RHI,0.18970900462095666,0.32259273136005995,0.17809416760334706,0.09803921568627451,0.09354314974397403,0.04571000374672162,0.015486449356812789,0.018733608092918696,0.03809166978893468
EIX,0.32031984948259645,0.18316086547507054,0.09388523047977422,0.09454374412041393,0.09078080903104421,0.09689557855126998,0.06246472248353716,0.02568203198494826,0.03226716839134525
SLB,0.30987770460959546,0.11373471307619944,0.10893697083725305,0.03857008466603951,0.02916274694261524,0.10075258701787394,0.12380056444026341,0.10743179680150518,0.06773283160865474
SCHW,0.45020891364902504,0.15598885793871867,0.16179201485608172,0.07729805013927576,0.043059424326833795,0.017409470752089137,0.027506963788300837,0.03609563602599814,0.03064066852367688
SHW,0.23518344308560676,0.23687676387582315,0.12568203198494826,0.10216368767638759,0.07761053621825023,0.08513640639698965,0.048353715898400755,0.07017873941674506,0.01881467544684854
WST,0.19420178554286263,0.17365844292982624,0.11990016319477777,0.10319669770567341,0.1223960833253336,0.11164442737832389,0.078813477968705,0.052510319669770565,0.04367860228472689
SJM,0.29068076668869797,0.25842696629213485,0.10456047587574356,0.1427627230667548,0.07680105750165235,0.03529411764705882,0.04600132187706543,0.019299405155320554,0.026173165895571712
SNA,0.2623706491063029,0.3015992474129821,0.164722483537159,0.08579492003762935,0.045625587958607716,0.04421448730009407,0.03725305738476011,0.027751646284101598,0.030667920978363124
AME,0.2295217607148767,0.1292404434883336,0.14247890120800927,0.15968889624358762,0.1451265927519444,0.04120469965249048,0.07512824755915935,0.04467979480390535,0.0329306635776932
SO,0.21928504233301976,0.0819379115710254,0.23095014111006584,0.2110065851364064,0.07450611476952022,0.062276575729068674,0.061900282220131705,0.04590780809031044,0.012229539040451553
TFC,0.13503504827403784,0.1723317021557995,0.4207115460917868,0.15527046686946172,0.050786932945377596,0.008199973548472425,0.012299960322708636,0.021557994974209762,0.023806374818145747
LUV,0.43508936970837253,0.04750705550329257,0.06284101599247413,0.0929444967074318,0.11759172154280338,0.058137347130762,0.04393226716839135,0.07318908748824082,0.06876763875823141
WRB,0.2994071146245059,0.26126482213438734,0.12628458498023715,0.09110671936758893,0.07134387351778657,0.06798418972332015,0.0616600790513834,0.008102766798418972,0.012845849802371542
SWK,0.3052681091251176,0.15776105362182502,0.08212605832549388,0.14365004703668863,0.0942615239887112,0.05710253998118532,0.06810912511759172,0.04825964252116651,0.043461900282220134
PSA,0.2636632200886263,0.3740029542097489,0.09763663220088627,0.03500738552437223,0.032200886262924666,0.04254062038404727,0.07031019202363367,0.04519940915805022,0.03943870014771049
ANET,0.1571601941747573,0.39805825242718446,0.022451456310679612,0.0,0.016383495145631068,0.17657766990291263,0.11347087378640777,0.08434466019417476,0.03155339805825243
SYY,0.1843375820780224,0.2153341058323677,0.23995751255310932,0.05050212437234453,0.08903051371185786,0.10901892622634221,0.056102742371572034,0.04152182309772113,0.014194669756662804
CTVA,0.0,0.9093484419263456,0.0906515580736544,0.0,0.0,0.0,0.0,0.0,0.0
TXN,0.28233231039017975,0.0661990355107409,0.1297676457693994,0.15212626041209995,0.15431828145550197,0.04471722928540114,0.06313020604997809,0.04910127137220517,0.05830775975449364
TXT,0.14666039510818438,0.2187206020696143,0.21655691439322672,0.15117591721542803,0.08871119473189087,0.08758231420507996,0.036030103480714955,0.030385700846660396,0.024176857949200378
TMO,0.3391969407265774,0.22657743785850862,0.13594646271510516,0.0861376673040153,0.10506692160611855,0.035277246653919694,0.02170172084130019,0.02820267686424474,0.021892925430210326
TIF,0.13400642496558055,0.10188159706287288,0.24804956402019274,0.1400871959614502,0.08031206975676916,0.0945387792565397,0.05736576411197797,0.05839834786599357,0.08536025699862322
TJX,0.11684719981562572,0.11223784282092648,0.18011062456787277,0.15498962894676194,0.18702466005992163,0.09414611661673196,0.07916570638395944,0.04286702005070293,0.03261120073749712
GL,0.2817917627016735,0.19480909910812708,0.1010121254634733,0.048602064335103716,0.0829742459164245,0.06122858001803788,0.09069044994488426,0.09700370778635134,0.04188796472592444
JCI,0.1969711221898222,0.22810648104599757,0.2593359044304393,0.18615370143918727,0.03668516602389239,0.021917035086069042,0.028501552064716395,0.022669551312200168,0.019659486407675664
ULTA,0.2821576763485477,0.3381742738589212,0.07943094250148192,0.016893894487255482,0.026378186129223474,0.04030823947836396,0.022821576763485476,0.07646710136336693,0.11736810906935388
UNP,0.39689557855127,0.06989651928504233,0.10865475070555033,0.12041392285983067,0.0832549388523048,0.07074317968015052,0.04045155221072436,0.04967074317968015,0.06001881467544685
